1 1 1 1
2 1 1 1.1
3 1 1 1.2
4 1 1 1.5
5 2 1 1
6 2 1 1.1
7 2 1 1.2
8 2 1 1.5
9 5 1 1
10 5 1 1.1
11 5 1 1.2
12 5 1 1.5
13 10 1 1
14 10 1 1.1
15 10 1 1.2
16 10 1 1.5
17 20 1 1
18 20 1 1.1
19 20 1 1.2
20 20 1 1.5
21 40 1 1
22 40 1 1.1
23 40 1 1.2
24 40 1 1.5
25 80 1 1
26 80 1 1.1
27 80 1 1.2
28 80 1 1.5
29 160 1 1
30 160 1 1.1
31 160 1 1.2
32 160 1 1.5
33 240 1 1
34 240 1 1.1
35 240 1 1.2
36 240 1 1.5
37 1 2 1
38 1 2 1.1
39 1 2 1.2
40 1 2 1.5
41 2 2 1
42 2 2 1.1
43 2 2 1.2
44 2 2 1.5
45 5 2 1
46 5 2 1.1
47 5 2 1.2
48 5 2 1.5
49 10 2 1
50 10 2 1.1
51 10 2 1.2
52 10 2 1.5
53 20 2 1
54 20 2 1.1
55 20 2 1.2
56 20 2 1.5
57 40 2 1
58 40 2 1.1
59 40 2 1.2
60 40 2 1.5
61 80 2 1
62 80 2 1.1
63 80 2 1.2
64 80 2 1.5
65 160 2 1
66 160 2 1.1
67 160 2 1.2
68 160 2 1.5
69 240 2 1
70 240 2 1.1
71 240 2 1.2
72 240 2 1.5
73 1 3 1
74 1 3 1.1
75 1 3 1.2
76 1 3 1.5
77 2 3 1
78 2 3 1.1
79 2 3 1.2
80 2 3 1.5
81 5 3 1
82 5 3 1.1
83 5 3 1.2
84 5 3 1.5
85 10 3 1
86 10 3 1.1
87 10 3 1.2
88 10 3 1.5
89 20 3 1
90 20 3 1.1
91 20 3 1.2
92 20 3 1.5
93 40 3 1
94 40 3 1.1
95 40 3 1.2
96 40 3 1.5
97 80 3 1
98 80 3 1.1
99 80 3 1.2
100 80 3 1.5
101 160 3 1
102 160 3 1.1
103 160 3 1.2
104 160 3 1.5
105 240 3 1
106 240 3 1.1
107 240 3 1.2
108 240 3 1.5
109 1 4 1
110 1 4 1.1
111 1 4 1.2
112 1 4 1.5
113 2 4 1
114 2 4 1.1
115 2 4 1.2
116 2 4 1.5
117 5 4 1
118 5 4 1.1
119 5 4 1.2
120 5 4 1.5
121 10 4 1
122 10 4 1.1
123 10 4 1.2
124 10 4 1.5
125 20 4 1
126 20 4 1.1
127 20 4 1.2
128 20 4 1.5
129 40 4 1
130 40 4 1.1
131 40 4 1.2
132 40 4 1.5
133 80 4 1
134 80 4 1.1
135 80 4 1.2
136 80 4 1.5
137 160 4 1
138 160 4 1.1
139 160 4 1.2
140 160 4 1.5
141 240 4 1
142 240 4 1.1
143 240 4 1.2
144 240 4 1.5
145 1 5 1
146 1 5 1.1
147 1 5 1.2
148 1 5 1.5
149 2 5 1
150 2 5 1.1
151 2 5 1.2
152 2 5 1.5
153 5 5 1
154 5 5 1.1
155 5 5 1.2
156 5 5 1.5
157 10 5 1
158 10 5 1.1
159 10 5 1.2
160 10 5 1.5
161 20 5 1
162 20 5 1.1
163 20 5 1.2
164 20 5 1.5
165 40 5 1
166 40 5 1.1
167 40 5 1.2
168 40 5 1.5
169 80 5 1
170 80 5 1.1
171 80 5 1.2
172 80 5 1.5
173 160 5 1
174 160 5 1.1
175 160 5 1.2
176 160 5 1.5
177 240 5 1
178 240 5 1.1
179 240 5 1.2
180 240 5 1.5
181 1 6 1
182 1 6 1.1
183 1 6 1.2
184 1 6 1.5
185 2 6 1
186 2 6 1.1
187 2 6 1.2
188 2 6 1.5
189 5 6 1
190 5 6 1.1
191 5 6 1.2
192 5 6 1.5
193 10 6 1
194 10 6 1.1
195 10 6 1.2
196 10 6 1.5
197 20 6 1
198 20 6 1.1
199 20 6 1.2
200 20 6 1.5
201 40 6 1
202 40 6 1.1
203 40 6 1.2
204 40 6 1.5
205 80 6 1
206 80 6 1.1
207 80 6 1.2
208 80 6 1.5
209 160 6 1
210 160 6 1.1
211 160 6 1.2
212 160 6 1.5
213 240 6 1
214 240 6 1.1
215 240 6 1.2
216 240 6 1.5
217 1 7 1
218 1 7 1.1
219 1 7 1.2
220 1 7 1.5
221 2 7 1
222 2 7 1.1
223 2 7 1.2
224 2 7 1.5
225 5 7 1
226 5 7 1.1
227 5 7 1.2
228 5 7 1.5
229 10 7 1
230 10 7 1.1
231 10 7 1.2
232 10 7 1.5
233 20 7 1
234 20 7 1.1
235 20 7 1.2
236 20 7 1.5
237 40 7 1
238 40 7 1.1
239 40 7 1.2
240 40 7 1.5
241 80 7 1
242 80 7 1.1
243 80 7 1.2
244 80 7 1.5
245 160 7 1
246 160 7 1.1
247 160 7 1.2
248 160 7 1.5
249 240 7 1
250 240 7 1.1
251 240 7 1.2
252 240 7 1.5
253 1 8 1
254 1 8 1.1
255 1 8 1.2
256 1 8 1.5
257 2 8 1
258 2 8 1.1
259 2 8 1.2
260 2 8 1.5
261 5 8 1
262 5 8 1.1
263 5 8 1.2
264 5 8 1.5
265 10 8 1
266 10 8 1.1
267 10 8 1.2
268 10 8 1.5
269 20 8 1
270 20 8 1.1
271 20 8 1.2
272 20 8 1.5
273 40 8 1
274 40 8 1.1
275 40 8 1.2
276 40 8 1.5
277 80 8 1
278 80 8 1.1
279 80 8 1.2
280 80 8 1.5
281 160 8 1
282 160 8 1.1
283 160 8 1.2
284 160 8 1.5
285 240 8 1
286 240 8 1.1
287 240 8 1.2
288 240 8 1.5
289 1 9 1
290 1 9 1.1
291 1 9 1.2
292 1 9 1.5
293 2 9 1
294 2 9 1.1
295 2 9 1.2
296 2 9 1.5
297 5 9 1
298 5 9 1.1
299 5 9 1.2
300 5 9 1.5
301 10 9 1
302 10 9 1.1
303 10 9 1.2
304 10 9 1.5
305 20 9 1
306 20 9 1.1
307 20 9 1.2
308 20 9 1.5
309 40 9 1
310 40 9 1.1
311 40 9 1.2
312 40 9 1.5
313 80 9 1
314 80 9 1.1
315 80 9 1.2
316 80 9 1.5
317 160 9 1
318 160 9 1.1
319 160 9 1.2
320 160 9 1.5
321 240 9 1
322 240 9 1.1
323 240 9 1.2
324 240 9 1.5
325 1 10 1
326 1 10 1.1
327 1 10 1.2
328 1 10 1.5
329 2 10 1
330 2 10 1.1
331 2 10 1.2
332 2 10 1.5
333 5 10 1
334 5 10 1.1
335 5 10 1.2
336 5 10 1.5
337 10 10 1
338 10 10 1.1
339 10 10 1.2
340 10 10 1.5
341 20 10 1
342 20 10 1.1
343 20 10 1.2
344 20 10 1.5
345 40 10 1
346 40 10 1.1
347 40 10 1.2
348 40 10 1.5
349 80 10 1
350 80 10 1.1
351 80 10 1.2
352 80 10 1.5
353 160 10 1
354 160 10 1.1
355 160 10 1.2
356 160 10 1.5
357 240 10 1
358 240 10 1.1
359 240 10 1.2
360 240 10 1.5
361 1 11 1
362 1 11 1.1
363 1 11 1.2
364 1 11 1.5
365 2 11 1
366 2 11 1.1
367 2 11 1.2
368 2 11 1.5
369 5 11 1
370 5 11 1.1
371 5 11 1.2
372 5 11 1.5
373 10 11 1
374 10 11 1.1
375 10 11 1.2
376 10 11 1.5
377 20 11 1
378 20 11 1.1
379 20 11 1.2
380 20 11 1.5
381 40 11 1
382 40 11 1.1
383 40 11 1.2
384 40 11 1.5
385 80 11 1
386 80 11 1.1
387 80 11 1.2
388 80 11 1.5
389 160 11 1
390 160 11 1.1
391 160 11 1.2
392 160 11 1.5
393 240 11 1
394 240 11 1.1
395 240 11 1.2
396 240 11 1.5
397 1 12 1
398 1 12 1.1
399 1 12 1.2
400 1 12 1.5
401 2 12 1
402 2 12 1.1
403 2 12 1.2
404 2 12 1.5
405 5 12 1
406 5 12 1.1
407 5 12 1.2
408 5 12 1.5
409 10 12 1
410 10 12 1.1
411 10 12 1.2
412 10 12 1.5
413 20 12 1
414 20 12 1.1
415 20 12 1.2
416 20 12 1.5
417 40 12 1
418 40 12 1.1
419 40 12 1.2
420 40 12 1.5
421 80 12 1
422 80 12 1.1
423 80 12 1.2
424 80 12 1.5
425 160 12 1
426 160 12 1.1
427 160 12 1.2
428 160 12 1.5
429 240 12 1
430 240 12 1.1
431 240 12 1.2
432 240 12 1.5
433 1 13 1
434 1 13 1.1
435 1 13 1.2
436 1 13 1.5
437 2 13 1
438 2 13 1.1
439 2 13 1.2
440 2 13 1.5
441 5 13 1
442 5 13 1.1
443 5 13 1.2
444 5 13 1.5
445 10 13 1
446 10 13 1.1
447 10 13 1.2
448 10 13 1.5
449 20 13 1
450 20 13 1.1
451 20 13 1.2
452 20 13 1.5
453 40 13 1
454 40 13 1.1
455 40 13 1.2
456 40 13 1.5
457 80 13 1
458 80 13 1.1
459 80 13 1.2
460 80 13 1.5
461 160 13 1
462 160 13 1.1
463 160 13 1.2
464 160 13 1.5
465 240 13 1
466 240 13 1.1
467 240 13 1.2
468 240 13 1.5
469 1 14 1
470 1 14 1.1
471 1 14 1.2
472 1 14 1.5
473 2 14 1
474 2 14 1.1
475 2 14 1.2
476 2 14 1.5
477 5 14 1
478 5 14 1.1
479 5 14 1.2
480 5 14 1.5
481 10 14 1
482 10 14 1.1
483 10 14 1.2
484 10 14 1.5
485 20 14 1
486 20 14 1.1
487 20 14 1.2
488 20 14 1.5
489 40 14 1
490 40 14 1.1
491 40 14 1.2
492 40 14 1.5
493 80 14 1
494 80 14 1.1
495 80 14 1.2
496 80 14 1.5
497 160 14 1
498 160 14 1.1
499 160 14 1.2
500 160 14 1.5
501 240 14 1
502 240 14 1.1
503 240 14 1.2
504 240 14 1.5
505 1 15 1
506 1 15 1.1
507 1 15 1.2
508 1 15 1.5
509 2 15 1
510 2 15 1.1
511 2 15 1.2
512 2 15 1.5
513 5 15 1
514 5 15 1.1
515 5 15 1.2
516 5 15 1.5
517 10 15 1
518 10 15 1.1
519 10 15 1.2
520 10 15 1.5
521 20 15 1
522 20 15 1.1
523 20 15 1.2
524 20 15 1.5
525 40 15 1
526 40 15 1.1
527 40 15 1.2
528 40 15 1.5
529 80 15 1
530 80 15 1.1
531 80 15 1.2
532 80 15 1.5
533 160 15 1
534 160 15 1.1
535 160 15 1.2
536 160 15 1.5
537 240 15 1
538 240 15 1.1
539 240 15 1.2
540 240 15 1.5
541 1 16 1
542 1 16 1.1
543 1 16 1.2
544 1 16 1.5
545 2 16 1
546 2 16 1.1
547 2 16 1.2
548 2 16 1.5
549 5 16 1
550 5 16 1.1
551 5 16 1.2
552 5 16 1.5
553 10 16 1
554 10 16 1.1
555 10 16 1.2
556 10 16 1.5
557 20 16 1
558 20 16 1.1
559 20 16 1.2
560 20 16 1.5
561 40 16 1
562 40 16 1.1
563 40 16 1.2
564 40 16 1.5
565 80 16 1
566 80 16 1.1
567 80 16 1.2
568 80 16 1.5
569 160 16 1
570 160 16 1.1
571 160 16 1.2
572 160 16 1.5
573 240 16 1
574 240 16 1.1
575 240 16 1.2
576 240 16 1.5
577 1 17 1
578 1 17 1.1
579 1 17 1.2
580 1 17 1.5
581 2 17 1
582 2 17 1.1
583 2 17 1.2
584 2 17 1.5
585 5 17 1
586 5 17 1.1
587 5 17 1.2
588 5 17 1.5
589 10 17 1
590 10 17 1.1
591 10 17 1.2
592 10 17 1.5
593 20 17 1
594 20 17 1.1
595 20 17 1.2
596 20 17 1.5
597 40 17 1
598 40 17 1.1
599 40 17 1.2
600 40 17 1.5
601 80 17 1
602 80 17 1.1
603 80 17 1.2
604 80 17 1.5
605 160 17 1
606 160 17 1.1
607 160 17 1.2
608 160 17 1.5
609 240 17 1
610 240 17 1.1
611 240 17 1.2
612 240 17 1.5
613 1 18 1
614 1 18 1.1
615 1 18 1.2
616 1 18 1.5
617 2 18 1
618 2 18 1.1
619 2 18 1.2
620 2 18 1.5
621 5 18 1
622 5 18 1.1
623 5 18 1.2
624 5 18 1.5
625 10 18 1
626 10 18 1.1
627 10 18 1.2
628 10 18 1.5
629 20 18 1
630 20 18 1.1
631 20 18 1.2
632 20 18 1.5
633 40 18 1
634 40 18 1.1
635 40 18 1.2
636 40 18 1.5
637 80 18 1
638 80 18 1.1
639 80 18 1.2
640 80 18 1.5
641 160 18 1
642 160 18 1.1
643 160 18 1.2
644 160 18 1.5
645 240 18 1
646 240 18 1.1
647 240 18 1.2
648 240 18 1.5
649 1 19 1
650 1 19 1.1
651 1 19 1.2
652 1 19 1.5
653 2 19 1
654 2 19 1.1
655 2 19 1.2
656 2 19 1.5
657 5 19 1
658 5 19 1.1
659 5 19 1.2
660 5 19 1.5
661 10 19 1
662 10 19 1.1
663 10 19 1.2
664 10 19 1.5
665 20 19 1
666 20 19 1.1
667 20 19 1.2
668 20 19 1.5
669 40 19 1
670 40 19 1.1
671 40 19 1.2
672 40 19 1.5
673 80 19 1
674 80 19 1.1
675 80 19 1.2
676 80 19 1.5
677 160 19 1
678 160 19 1.1
679 160 19 1.2
680 160 19 1.5
681 240 19 1
682 240 19 1.1
683 240 19 1.2
684 240 19 1.5
685 1 20 1
686 1 20 1.1
687 1 20 1.2
688 1 20 1.5
689 2 20 1
690 2 20 1.1
691 2 20 1.2
692 2 20 1.5
693 5 20 1
694 5 20 1.1
695 5 20 1.2
696 5 20 1.5
697 10 20 1
698 10 20 1.1
699 10 20 1.2
700 10 20 1.5
701 20 20 1
702 20 20 1.1
703 20 20 1.2
704 20 20 1.5
705 40 20 1
706 40 20 1.1
707 40 20 1.2
708 40 20 1.5
709 80 20 1
710 80 20 1.1
711 80 20 1.2
712 80 20 1.5
713 160 20 1
714 160 20 1.1
715 160 20 1.2
716 160 20 1.5
717 240 20 1
718 240 20 1.1
719 240 20 1.2
720 240 20 1.5
721 1 21 1
722 1 21 1.1
723 1 21 1.2
724 1 21 1.5
725 2 21 1
726 2 21 1.1
727 2 21 1.2
728 2 21 1.5
729 5 21 1
730 5 21 1.1
731 5 21 1.2
732 5 21 1.5
733 10 21 1
734 10 21 1.1
735 10 21 1.2
736 10 21 1.5
737 20 21 1
738 20 21 1.1
739 20 21 1.2
740 20 21 1.5
741 40 21 1
742 40 21 1.1
743 40 21 1.2
744 40 21 1.5
745 80 21 1
746 80 21 1.1
747 80 21 1.2
748 80 21 1.5
749 160 21 1
750 160 21 1.1
751 160 21 1.2
752 160 21 1.5
753 240 21 1
754 240 21 1.1
755 240 21 1.2
756 240 21 1.5
757 1 22 1
758 1 22 1.1
759 1 22 1.2
760 1 22 1.5
761 2 22 1
762 2 22 1.1
763 2 22 1.2
764 2 22 1.5
765 5 22 1
766 5 22 1.1
767 5 22 1.2
768 5 22 1.5
769 10 22 1
770 10 22 1.1
771 10 22 1.2
772 10 22 1.5
773 20 22 1
774 20 22 1.1
775 20 22 1.2
776 20 22 1.5
777 40 22 1
778 40 22 1.1
779 40 22 1.2
780 40 22 1.5
781 80 22 1
782 80 22 1.1
783 80 22 1.2
784 80 22 1.5
785 160 22 1
786 160 22 1.1
787 160 22 1.2
788 160 22 1.5
789 240 22 1
790 240 22 1.1
791 240 22 1.2
792 240 22 1.5
793 1 23 1
794 1 23 1.1
795 1 23 1.2
796 1 23 1.5
797 2 23 1
798 2 23 1.1
799 2 23 1.2
800 2 23 1.5
801 5 23 1
802 5 23 1.1
803 5 23 1.2
804 5 23 1.5
805 10 23 1
806 10 23 1.1
807 10 23 1.2
808 10 23 1.5
809 20 23 1
810 20 23 1.1
811 20 23 1.2
812 20 23 1.5
813 40 23 1
814 40 23 1.1
815 40 23 1.2
816 40 23 1.5
817 80 23 1
818 80 23 1.1
819 80 23 1.2
820 80 23 1.5
821 160 23 1
822 160 23 1.1
823 160 23 1.2
824 160 23 1.5
825 240 23 1
826 240 23 1.1
827 240 23 1.2
828 240 23 1.5
829 1 24 1
830 1 24 1.1
831 1 24 1.2
832 1 24 1.5
833 2 24 1
834 2 24 1.1
835 2 24 1.2
836 2 24 1.5
837 5 24 1
838 5 24 1.1
839 5 24 1.2
840 5 24 1.5
841 10 24 1
842 10 24 1.1
843 10 24 1.2
844 10 24 1.5
845 20 24 1
846 20 24 1.1
847 20 24 1.2
848 20 24 1.5
849 40 24 1
850 40 24 1.1
851 40 24 1.2
852 40 24 1.5
853 80 24 1
854 80 24 1.1
855 80 24 1.2
856 80 24 1.5
857 160 24 1
858 160 24 1.1
859 160 24 1.2
860 160 24 1.5
861 240 24 1
862 240 24 1.1
863 240 24 1.2
864 240 24 1.5
865 1 25 1
866 1 25 1.1
867 1 25 1.2
868 1 25 1.5
869 2 25 1
870 2 25 1.1
871 2 25 1.2
872 2 25 1.5
873 5 25 1
874 5 25 1.1
875 5 25 1.2
876 5 25 1.5
877 10 25 1
878 10 25 1.1
879 10 25 1.2
880 10 25 1.5
881 20 25 1
882 20 25 1.1
883 20 25 1.2
884 20 25 1.5
885 40 25 1
886 40 25 1.1
887 40 25 1.2
888 40 25 1.5
889 80 25 1
890 80 25 1.1
891 80 25 1.2
892 80 25 1.5
893 160 25 1
894 160 25 1.1
895 160 25 1.2
896 160 25 1.5
897 240 25 1
898 240 25 1.1
899 240 25 1.2
900 240 25 1.5
901 1 26 1
902 1 26 1.1
903 1 26 1.2
904 1 26 1.5
905 2 26 1
906 2 26 1.1
907 2 26 1.2
908 2 26 1.5
909 5 26 1
910 5 26 1.1
911 5 26 1.2
912 5 26 1.5
913 10 26 1
914 10 26 1.1
915 10 26 1.2
916 10 26 1.5
917 20 26 1
918 20 26 1.1
919 20 26 1.2
920 20 26 1.5
921 40 26 1
922 40 26 1.1
923 40 26 1.2
924 40 26 1.5
925 80 26 1
926 80 26 1.1
927 80 26 1.2
928 80 26 1.5
929 160 26 1
930 160 26 1.1
931 160 26 1.2
932 160 26 1.5
933 240 26 1
934 240 26 1.1
935 240 26 1.2
936 240 26 1.5
937 1 27 1
938 1 27 1.1
939 1 27 1.2
940 1 27 1.5
941 2 27 1
942 2 27 1.1
943 2 27 1.2
944 2 27 1.5
945 5 27 1
946 5 27 1.1
947 5 27 1.2
948 5 27 1.5
949 10 27 1
950 10 27 1.1
951 10 27 1.2
952 10 27 1.5
953 20 27 1
954 20 27 1.1
955 20 27 1.2
956 20 27 1.5
957 40 27 1
958 40 27 1.1
959 40 27 1.2
960 40 27 1.5
961 80 27 1
962 80 27 1.1
963 80 27 1.2
964 80 27 1.5
965 160 27 1
966 160 27 1.1
967 160 27 1.2
968 160 27 1.5
969 240 27 1
970 240 27 1.1
971 240 27 1.2
972 240 27 1.5
973 1 28 1
974 1 28 1.1
975 1 28 1.2
976 1 28 1.5
977 2 28 1
978 2 28 1.1
979 2 28 1.2
980 2 28 1.5
981 5 28 1
982 5 28 1.1
983 5 28 1.2
984 5 28 1.5
985 10 28 1
986 10 28 1.1
987 10 28 1.2
988 10 28 1.5
989 20 28 1
990 20 28 1.1
991 20 28 1.2
992 20 28 1.5
993 40 28 1
994 40 28 1.1
995 40 28 1.2
996 40 28 1.5
997 80 28 1
998 80 28 1.1
999 80 28 1.2
1000 80 28 1.5
1001 160 28 1
1002 160 28 1.1
1003 160 28 1.2
1004 160 28 1.5
1005 240 28 1
1006 240 28 1.1
1007 240 28 1.2
1008 240 28 1.5
1009 1 29 1
1010 1 29 1.1
1011 1 29 1.2
1012 1 29 1.5
1013 2 29 1
1014 2 29 1.1
1015 2 29 1.2
1016 2 29 1.5
1017 5 29 1
1018 5 29 1.1
1019 5 29 1.2
1020 5 29 1.5
1021 10 29 1
1022 10 29 1.1
1023 10 29 1.2
1024 10 29 1.5
1025 20 29 1
1026 20 29 1.1
1027 20 29 1.2
1028 20 29 1.5
1029 40 29 1
1030 40 29 1.1
1031 40 29 1.2
1032 40 29 1.5
1033 80 29 1
1034 80 29 1.1
1035 80 29 1.2
1036 80 29 1.5
1037 160 29 1
1038 160 29 1.1
1039 160 29 1.2
1040 160 29 1.5
1041 240 29 1
1042 240 29 1.1
1043 240 29 1.2
1044 240 29 1.5
1045 1 30 1
1046 1 30 1.1
1047 1 30 1.2
1048 1 30 1.5
1049 2 30 1
1050 2 30 1.1
1051 2 30 1.2
1052 2 30 1.5
1053 5 30 1
1054 5 30 1.1
1055 5 30 1.2
1056 5 30 1.5
1057 10 30 1
1058 10 30 1.1
1059 10 30 1.2
1060 10 30 1.5
1061 20 30 1
1062 20 30 1.1
1063 20 30 1.2
1064 20 30 1.5
1065 40 30 1
1066 40 30 1.1
1067 40 30 1.2
1068 40 30 1.5
1069 80 30 1
1070 80 30 1.1
1071 80 30 1.2
1072 80 30 1.5
1073 160 30 1
1074 160 30 1.1
1075 160 30 1.2
1076 160 30 1.5
1077 240 30 1
1078 240 30 1.1
1079 240 30 1.2
1080 240 30 1.5
1081 1 31 1
1082 1 31 1.1
1083 1 31 1.2
1084 1 31 1.5
1085 2 31 1
1086 2 31 1.1
1087 2 31 1.2
1088 2 31 1.5
1089 5 31 1
1090 5 31 1.1
1091 5 31 1.2
1092 5 31 1.5
1093 10 31 1
1094 10 31 1.1
1095 10 31 1.2
1096 10 31 1.5
1097 20 31 1
1098 20 31 1.1
1099 20 31 1.2
1100 20 31 1.5
1101 40 31 1
1102 40 31 1.1
1103 40 31 1.2
1104 40 31 1.5
1105 80 31 1
1106 80 31 1.1
1107 80 31 1.2
1108 80 31 1.5
1109 160 31 1
1110 160 31 1.1
1111 160 31 1.2
1112 160 31 1.5
1113 240 31 1
1114 240 31 1.1
1115 240 31 1.2
1116 240 31 1.5
1117 1 32 1
1118 1 32 1.1
1119 1 32 1.2
1120 1 32 1.5
1121 2 32 1
1122 2 32 1.1
1123 2 32 1.2
1124 2 32 1.5
1125 5 32 1
1126 5 32 1.1
1127 5 32 1.2
1128 5 32 1.5
1129 10 32 1
1130 10 32 1.1
1131 10 32 1.2
1132 10 32 1.5
1133 20 32 1
1134 20 32 1.1
1135 20 32 1.2
1136 20 32 1.5
1137 40 32 1
1138 40 32 1.1
1139 40 32 1.2
1140 40 32 1.5
1141 80 32 1
1142 80 32 1.1
1143 80 32 1.2
1144 80 32 1.5
1145 160 32 1
1146 160 32 1.1
1147 160 32 1.2
1148 160 32 1.5
1149 240 32 1
1150 240 32 1.1
1151 240 32 1.2
1152 240 32 1.5
1153 1 33 1
1154 1 33 1.1
1155 1 33 1.2
1156 1 33 1.5
1157 2 33 1
1158 2 33 1.1
1159 2 33 1.2
1160 2 33 1.5
1161 5 33 1
1162 5 33 1.1
1163 5 33 1.2
1164 5 33 1.5
1165 10 33 1
1166 10 33 1.1
1167 10 33 1.2
1168 10 33 1.5
1169 20 33 1
1170 20 33 1.1
1171 20 33 1.2
1172 20 33 1.5
1173 40 33 1
1174 40 33 1.1
1175 40 33 1.2
1176 40 33 1.5
1177 80 33 1
1178 80 33 1.1
1179 80 33 1.2
1180 80 33 1.5
1181 160 33 1
1182 160 33 1.1
1183 160 33 1.2
1184 160 33 1.5
1185 240 33 1
1186 240 33 1.1
1187 240 33 1.2
1188 240 33 1.5
1189 1 34 1
1190 1 34 1.1
1191 1 34 1.2
1192 1 34 1.5
1193 2 34 1
1194 2 34 1.1
1195 2 34 1.2
1196 2 34 1.5
1197 5 34 1
1198 5 34 1.1
1199 5 34 1.2
1200 5 34 1.5
1201 10 34 1
1202 10 34 1.1
1203 10 34 1.2
1204 10 34 1.5
1205 20 34 1
1206 20 34 1.1
1207 20 34 1.2
1208 20 34 1.5
1209 40 34 1
1210 40 34 1.1
1211 40 34 1.2
1212 40 34 1.5
1213 80 34 1
1214 80 34 1.1
1215 80 34 1.2
1216 80 34 1.5
1217 160 34 1
1218 160 34 1.1
1219 160 34 1.2
1220 160 34 1.5
1221 240 34 1
1222 240 34 1.1
1223 240 34 1.2
1224 240 34 1.5
1225 1 35 1
1226 1 35 1.1
1227 1 35 1.2
1228 1 35 1.5
1229 2 35 1
1230 2 35 1.1
1231 2 35 1.2
1232 2 35 1.5
1233 5 35 1
1234 5 35 1.1
1235 5 35 1.2
1236 5 35 1.5
1237 10 35 1
1238 10 35 1.1
1239 10 35 1.2
1240 10 35 1.5
1241 20 35 1
1242 20 35 1.1
1243 20 35 1.2
1244 20 35 1.5
1245 40 35 1
1246 40 35 1.1
1247 40 35 1.2
1248 40 35 1.5
1249 80 35 1
1250 80 35 1.1
1251 80 35 1.2
1252 80 35 1.5
1253 160 35 1
1254 160 35 1.1
1255 160 35 1.2
1256 160 35 1.5
1257 240 35 1
1258 240 35 1.1
1259 240 35 1.2
1260 240 35 1.5
1261 1 36 1
1262 1 36 1.1
1263 1 36 1.2
1264 1 36 1.5
1265 2 36 1
1266 2 36 1.1
1267 2 36 1.2
1268 2 36 1.5
1269 5 36 1
1270 5 36 1.1
1271 5 36 1.2
1272 5 36 1.5
1273 10 36 1
1274 10 36 1.1
1275 10 36 1.2
1276 10 36 1.5
1277 20 36 1
1278 20 36 1.1
1279 20 36 1.2
1280 20 36 1.5
1281 40 36 1
1282 40 36 1.1
1283 40 36 1.2
1284 40 36 1.5
1285 80 36 1
1286 80 36 1.1
1287 80 36 1.2
1288 80 36 1.5
1289 160 36 1
1290 160 36 1.1
1291 160 36 1.2
1292 160 36 1.5
1293 240 36 1
1294 240 36 1.1
1295 240 36 1.2
1296 240 36 1.5
1297 1 37 1
1298 1 37 1.1
1299 1 37 1.2
1300 1 37 1.5
1301 2 37 1
1302 2 37 1.1
1303 2 37 1.2
1304 2 37 1.5
1305 5 37 1
1306 5 37 1.1
1307 5 37 1.2
1308 5 37 1.5
1309 10 37 1
1310 10 37 1.1
1311 10 37 1.2
1312 10 37 1.5
1313 20 37 1
1314 20 37 1.1
1315 20 37 1.2
1316 20 37 1.5
1317 40 37 1
1318 40 37 1.1
1319 40 37 1.2
1320 40 37 1.5
1321 80 37 1
1322 80 37 1.1
1323 80 37 1.2
1324 80 37 1.5
1325 160 37 1
1326 160 37 1.1
1327 160 37 1.2
1328 160 37 1.5
1329 240 37 1
1330 240 37 1.1
1331 240 37 1.2
1332 240 37 1.5
1333 1 38 1
1334 1 38 1.1
1335 1 38 1.2
1336 1 38 1.5
1337 2 38 1
1338 2 38 1.1
1339 2 38 1.2
1340 2 38 1.5
1341 5 38 1
1342 5 38 1.1
1343 5 38 1.2
1344 5 38 1.5
1345 10 38 1
1346 10 38 1.1
1347 10 38 1.2
1348 10 38 1.5
1349 20 38 1
1350 20 38 1.1
1351 20 38 1.2
1352 20 38 1.5
1353 40 38 1
1354 40 38 1.1
1355 40 38 1.2
1356 40 38 1.5
1357 80 38 1
1358 80 38 1.1
1359 80 38 1.2
1360 80 38 1.5
1361 160 38 1
1362 160 38 1.1
1363 160 38 1.2
1364 160 38 1.5
1365 240 38 1
1366 240 38 1.1
1367 240 38 1.2
1368 240 38 1.5
1369 1 39 1
1370 1 39 1.1
1371 1 39 1.2
1372 1 39 1.5
1373 2 39 1
1374 2 39 1.1
1375 2 39 1.2
1376 2 39 1.5
1377 5 39 1
1378 5 39 1.1
1379 5 39 1.2
1380 5 39 1.5
1381 10 39 1
1382 10 39 1.1
1383 10 39 1.2
1384 10 39 1.5
1385 20 39 1
1386 20 39 1.1
1387 20 39 1.2
1388 20 39 1.5
1389 40 39 1
1390 40 39 1.1
1391 40 39 1.2
1392 40 39 1.5
1393 80 39 1
1394 80 39 1.1
1395 80 39 1.2
1396 80 39 1.5
1397 160 39 1
1398 160 39 1.1
1399 160 39 1.2
1400 160 39 1.5
1401 240 39 1
1402 240 39 1.1
1403 240 39 1.2
1404 240 39 1.5
1405 1 40 1
1406 1 40 1.1
1407 1 40 1.2
1408 1 40 1.5
1409 2 40 1
1410 2 40 1.1
1411 2 40 1.2
1412 2 40 1.5
1413 5 40 1
1414 5 40 1.1
1415 5 40 1.2
1416 5 40 1.5
1417 10 40 1
1418 10 40 1.1
1419 10 40 1.2
1420 10 40 1.5
1421 20 40 1
1422 20 40 1.1
1423 20 40 1.2
1424 20 40 1.5
1425 40 40 1
1426 40 40 1.1
1427 40 40 1.2
1428 40 40 1.5
1429 80 40 1
1430 80 40 1.1
1431 80 40 1.2
1432 80 40 1.5
1433 160 40 1
1434 160 40 1.1
1435 160 40 1.2
1436 160 40 1.5
1437 240 40 1
1438 240 40 1.1
1439 240 40 1.2
1440 240 40 1.5
1441 1 41 1
1442 1 41 1.1
1443 1 41 1.2
1444 1 41 1.5
1445 2 41 1
1446 2 41 1.1
1447 2 41 1.2
1448 2 41 1.5
1449 5 41 1
1450 5 41 1.1
1451 5 41 1.2
1452 5 41 1.5
1453 10 41 1
1454 10 41 1.1
1455 10 41 1.2
1456 10 41 1.5
1457 20 41 1
1458 20 41 1.1
1459 20 41 1.2
1460 20 41 1.5
1461 40 41 1
1462 40 41 1.1
1463 40 41 1.2
1464 40 41 1.5
1465 80 41 1
1466 80 41 1.1
1467 80 41 1.2
1468 80 41 1.5
1469 160 41 1
1470 160 41 1.1
1471 160 41 1.2
1472 160 41 1.5
1473 240 41 1
1474 240 41 1.1
1475 240 41 1.2
1476 240 41 1.5
1477 1 42 1
1478 1 42 1.1
1479 1 42 1.2
1480 1 42 1.5
1481 2 42 1
1482 2 42 1.1
1483 2 42 1.2
1484 2 42 1.5
1485 5 42 1
1486 5 42 1.1
1487 5 42 1.2
1488 5 42 1.5
1489 10 42 1
1490 10 42 1.1
1491 10 42 1.2
1492 10 42 1.5
1493 20 42 1
1494 20 42 1.1
1495 20 42 1.2
1496 20 42 1.5
1497 40 42 1
1498 40 42 1.1
1499 40 42 1.2
1500 40 42 1.5
1501 80 42 1
1502 80 42 1.1
1503 80 42 1.2
1504 80 42 1.5
1505 160 42 1
1506 160 42 1.1
1507 160 42 1.2
1508 160 42 1.5
1509 240 42 1
1510 240 42 1.1
1511 240 42 1.2
1512 240 42 1.5
1513 1 43 1
1514 1 43 1.1
1515 1 43 1.2
1516 1 43 1.5
1517 2 43 1
1518 2 43 1.1
1519 2 43 1.2
1520 2 43 1.5
1521 5 43 1
1522 5 43 1.1
1523 5 43 1.2
1524 5 43 1.5
1525 10 43 1
1526 10 43 1.1
1527 10 43 1.2
1528 10 43 1.5
1529 20 43 1
1530 20 43 1.1
1531 20 43 1.2
1532 20 43 1.5
1533 40 43 1
1534 40 43 1.1
1535 40 43 1.2
1536 40 43 1.5
1537 80 43 1
1538 80 43 1.1
1539 80 43 1.2
1540 80 43 1.5
1541 160 43 1
1542 160 43 1.1
1543 160 43 1.2
1544 160 43 1.5
1545 240 43 1
1546 240 43 1.1
1547 240 43 1.2
1548 240 43 1.5
1549 1 44 1
1550 1 44 1.1
1551 1 44 1.2
1552 1 44 1.5
1553 2 44 1
1554 2 44 1.1
1555 2 44 1.2
1556 2 44 1.5
1557 5 44 1
1558 5 44 1.1
1559 5 44 1.2
1560 5 44 1.5
1561 10 44 1
1562 10 44 1.1
1563 10 44 1.2
1564 10 44 1.5
1565 20 44 1
1566 20 44 1.1
1567 20 44 1.2
1568 20 44 1.5
1569 40 44 1
1570 40 44 1.1
1571 40 44 1.2
1572 40 44 1.5
1573 80 44 1
1574 80 44 1.1
1575 80 44 1.2
1576 80 44 1.5
1577 160 44 1
1578 160 44 1.1
1579 160 44 1.2
1580 160 44 1.5
1581 240 44 1
1582 240 44 1.1
1583 240 44 1.2
1584 240 44 1.5
1585 1 45 1
1586 1 45 1.1
1587 1 45 1.2
1588 1 45 1.5
1589 2 45 1
1590 2 45 1.1
1591 2 45 1.2
1592 2 45 1.5
1593 5 45 1
1594 5 45 1.1
1595 5 45 1.2
1596 5 45 1.5
1597 10 45 1
1598 10 45 1.1
1599 10 45 1.2
1600 10 45 1.5
1601 20 45 1
1602 20 45 1.1
1603 20 45 1.2
1604 20 45 1.5
1605 40 45 1
1606 40 45 1.1
1607 40 45 1.2
1608 40 45 1.5
1609 80 45 1
1610 80 45 1.1
1611 80 45 1.2
1612 80 45 1.5
1613 160 45 1
1614 160 45 1.1
1615 160 45 1.2
1616 160 45 1.5
1617 240 45 1
1618 240 45 1.1
1619 240 45 1.2
1620 240 45 1.5
1621 1 46 1
1622 1 46 1.1
1623 1 46 1.2
1624 1 46 1.5
1625 2 46 1
1626 2 46 1.1
1627 2 46 1.2
1628 2 46 1.5
1629 5 46 1
1630 5 46 1.1
1631 5 46 1.2
1632 5 46 1.5
1633 10 46 1
1634 10 46 1.1
1635 10 46 1.2
1636 10 46 1.5
1637 20 46 1
1638 20 46 1.1
1639 20 46 1.2
1640 20 46 1.5
1641 40 46 1
1642 40 46 1.1
1643 40 46 1.2
1644 40 46 1.5
1645 80 46 1
1646 80 46 1.1
1647 80 46 1.2
1648 80 46 1.5
1649 160 46 1
1650 160 46 1.1
1651 160 46 1.2
1652 160 46 1.5
1653 240 46 1
1654 240 46 1.1
1655 240 46 1.2
1656 240 46 1.5
1657 1 47 1
1658 1 47 1.1
1659 1 47 1.2
1660 1 47 1.5
1661 2 47 1
1662 2 47 1.1
1663 2 47 1.2
1664 2 47 1.5
1665 5 47 1
1666 5 47 1.1
1667 5 47 1.2
1668 5 47 1.5
1669 10 47 1
1670 10 47 1.1
1671 10 47 1.2
1672 10 47 1.5
1673 20 47 1
1674 20 47 1.1
1675 20 47 1.2
1676 20 47 1.5
1677 40 47 1
1678 40 47 1.1
1679 40 47 1.2
1680 40 47 1.5
1681 80 47 1
1682 80 47 1.1
1683 80 47 1.2
1684 80 47 1.5
1685 160 47 1
1686 160 47 1.1
1687 160 47 1.2
1688 160 47 1.5
1689 240 47 1
1690 240 47 1.1
1691 240 47 1.2
1692 240 47 1.5
1693 1 48 1
1694 1 48 1.1
1695 1 48 1.2
1696 1 48 1.5
1697 2 48 1
1698 2 48 1.1
1699 2 48 1.2
1700 2 48 1.5
1701 5 48 1
1702 5 48 1.1
1703 5 48 1.2
1704 5 48 1.5
1705 10 48 1
1706 10 48 1.1
1707 10 48 1.2
1708 10 48 1.5
1709 20 48 1
1710 20 48 1.1
1711 20 48 1.2
1712 20 48 1.5
1713 40 48 1
1714 40 48 1.1
1715 40 48 1.2
1716 40 48 1.5
1717 80 48 1
1718 80 48 1.1
1719 80 48 1.2
1720 80 48 1.5
1721 160 48 1
1722 160 48 1.1
1723 160 48 1.2
1724 160 48 1.5
1725 240 48 1
1726 240 48 1.1
1727 240 48 1.2
1728 240 48 1.5
1729 1 49 1
1730 1 49 1.1
1731 1 49 1.2
1732 1 49 1.5
1733 2 49 1
1734 2 49 1.1
1735 2 49 1.2
1736 2 49 1.5
1737 5 49 1
1738 5 49 1.1
1739 5 49 1.2
1740 5 49 1.5
1741 10 49 1
1742 10 49 1.1
1743 10 49 1.2
1744 10 49 1.5
1745 20 49 1
1746 20 49 1.1
1747 20 49 1.2
1748 20 49 1.5
1749 40 49 1
1750 40 49 1.1
1751 40 49 1.2
1752 40 49 1.5
1753 80 49 1
1754 80 49 1.1
1755 80 49 1.2
1756 80 49 1.5
1757 160 49 1
1758 160 49 1.1
1759 160 49 1.2
1760 160 49 1.5
1761 240 49 1
1762 240 49 1.1
1763 240 49 1.2
1764 240 49 1.5
1765 1 50 1
1766 1 50 1.1
1767 1 50 1.2
1768 1 50 1.5
1769 2 50 1
1770 2 50 1.1
1771 2 50 1.2
1772 2 50 1.5
1773 5 50 1
1774 5 50 1.1
1775 5 50 1.2
1776 5 50 1.5
1777 10 50 1
1778 10 50 1.1
1779 10 50 1.2
1780 10 50 1.5
1781 20 50 1
1782 20 50 1.1
1783 20 50 1.2
1784 20 50 1.5
1785 40 50 1
1786 40 50 1.1
1787 40 50 1.2
1788 40 50 1.5
1789 80 50 1
1790 80 50 1.1
1791 80 50 1.2
1792 80 50 1.5
1793 160 50 1
1794 160 50 1.1
1795 160 50 1.2
1796 160 50 1.5
1797 240 50 1
1798 240 50 1.1
1799 240 50 1.2
1800 240 50 1.5
